31
1	Animal	

2025	9	5
Kuming
0

2	Cat	Animal

2025	9	5

2
1	name	string	8	public
2	age	int	4	private

3	Dog	Animal
췄甘뭍돨잚
2025	9	6
K
0

4	Car	

2025	9	7
M
1
1	name	string	8	public

5	5	

2000	1	1

0

6	6	

2000	1	1

0

7	7	

2000	1	1

0

8	8	

2000	1	1

0

9	9	

2000	1	1

0

11	11	

2000	1	1

0

12	12	

2000	1	1

0

13	13	

2000	1	1

0

14	14	

2000	1	1

0

15	15	

2000	1	1

0

16	16	

2000	1	1

0

17	17	

2000	1	1

0

18	18	

2000	1	1

0

19	19	

2000	1	1

0

21	21	

2000	1	1

0

22	22	

2000	1	1

0

23	23	

2000	1	1

0

24	24	

2000	1	1

0

25	25	

2000	1	1

0

26	26	

2000	1	1

0

27	27	

2000	1	1

0

28	28	

2000	1	1

0

29	29	

2000	1	1

0

31	31	

2000	1	1

0

32	32	

2000	1	1

0

33	33	

2000	1	1

0

34	34	

2000	1	1

0

3
2	Mimi	12
4	錤둑	8
3	串꼿	0
